# list of object assets to load in this scene
# platform type x y chieuRong chieuCao soluong spriteBatDau spriteKetThuc
[ASSETS]
mario.txt
brick.txt
coin.txt
goomba.txt
cloud.txt
question_brick.txt
pipe.txt
koopa.txt
background.txt
mushroom.txt
plant.txt
bullet.txt
leaf.txt
hub.txt
point.txt
#
[OBJECTS]
# type	x	y	extra_settings per object type
# type: 0 = Mario , 1 = Brick, 2 = Goomba, 3 = Koopas
# See OBJECT_TYPE constants in AssetIDs.h


#BACKGROUD
9999	1400	-10


# Pipe
13	354	154
9	354	161

#Platform
5	0	192	16	16	39	1000010	1000020	1000030
5	624	182	16	16	29	1000010	1000020	1000030

5	1152	198	16	16	22	1000010	1000020	1000030

5	1536	198	16	16	5	1000010	1000020	1000030

5	1662	198	16	16	36	1000010	1000020	1000030

5	2256	198	16	16	35	1000010	1000020	1000030

5	624	182	16	16	29	1000010	1000020	1000030	


# BLUE BLOCK not handling as a 1 block 1 spirte so mario bug jump 
6	272	112	16	18	3	1000205	1000210	1000215
7	272	128	16	16	3	1000220	1000225	1000230
7	288	144	16	16	2	1000235	1000225	1000230
7	288	160	16	16	2	1000235	1000225	1000230
7	288	176	16	16	2	1000235	1000225	1000250


6	1327	100	16	16	7	1000205	1000210	1000215


# GREEN BLOCK
6	400	144	16	16	5	1000510	1000520	1000530
7	400	160	16	16	5	1000540	1000550	1000560
7	400	176	16	16	5	1000570	1000580	1000590

6	512	160	16	16	6	1000510	1000520	1000530
7	512	176	16	16	6	1000570	1000580	1000590

6	1263	166	16	16	7	1000510	1000520	1000530



# PINK BLOCK
6	240	144	16	16	3	1000405	1000410	1000415
7	240	160	16	16	3	1000420	1000425	1000430
7	240	176	16	16	3	1000445	1000450	1000455

6	464	112	16	16	4	1000405	1000410	1000415
7	464	128	16	16	4	1000420	1000425	1000430
7	480	144	16	16	3	1000435	1000425	1000430
7	480	160	16	16	2	1000440	1000425	1000425
7	480	176	16	16	2	1000460	1000450	1000450

6	1295	132	16	16	7	1000405	1000410	1000415

#WHITE BLOCK
6	512	80	16	16	4	1000610	1000620	1000630
7	512	96	16	16	4	1000640	1000650	1000660
7	528	112	16	16	3	1000670	1000650	1000660
7	528	128	16	16	3	1000680	1000650	1000660
7	528	144	16	16	3	1000680	1000650	1000660

# BRICKS


#COIN


# QuestionBrick
8	170	130	
8	186	130

8	220	80
8	236	80	2
8	410	100

8	650	168	2	
8	740	105



#Goomba
# 2 goomba dau map(cách ong cong)
2	200	160
2	450	160


# 2 goomba satnhau gan cuoi map
2	1000	160
2	1050	160
# 1 goomba wing cuoi map => handle wing later
20	1040	160

# Koopas
10	580	140

# MARIO
0	0	10